{
 "cells": [
  {
   "cell_type": "markdown",
   "id": "9042a0b6-dc5e-424e-b15e-2b9bb153473e",
   "metadata": {},
   "source": [
    "# Calculating Correlation Between Stocks "
   ]
  },
  {
   "cell_type": "code",
   "execution_count": 1,
   "id": "53f0de9e-cd45-4f89-bf20-1d2ed6347f36",
   "metadata": {
    "tags": []
   },
   "outputs": [],
   "source": [
    "import pandas as pd \n",
    "import numpy as np \n",
    "import seaborn as sns \n",
    "import matplotlib.pyplot as plt \n",
    "from pandas_datareader import data as wb \n",
    "import yfinance"
   ]
  },
  {
   "cell_type": "code",
   "execution_count": 2,
   "id": "741e2205-824d-4ef4-bc37-645386abb54f",
   "metadata": {
    "tags": []
   },
   "outputs": [],
   "source": [
    "yfinance.pdr_override()"
   ]
  },
  {
   "cell_type": "markdown",
   "id": "bbaf8918-b270-4f7f-885f-0af5d893a017",
   "metadata": {},
   "source": [
    "## Importing Data & Getting it's Daily Return"
   ]
  },
  {
   "cell_type": "code",
   "execution_count": 3,
   "id": "fbd336c4-9f70-42e3-b4ad-39c58591bdd3",
   "metadata": {
    "tags": []
   },
   "outputs": [
    {
     "name": "stdout",
     "output_type": "stream",
     "text": [
      "[*********************100%***********************]  1 of 1 completed\n",
      "[*********************100%***********************]  1 of 1 completed\n",
      "[*********************100%***********************]  1 of 1 completed\n",
      "[*********************100%***********************]  1 of 1 completed\n",
      "[*********************100%***********************]  1 of 1 completed\n",
      "[*********************100%***********************]  1 of 1 completed\n",
      "[*********************100%***********************]  1 of 1 completed\n",
      "[*********************100%***********************]  1 of 1 completed\n",
      "[*********************100%***********************]  1 of 1 completed\n",
      "[*********************100%***********************]  1 of 1 completed\n",
      "[*********************100%***********************]  1 of 1 completed\n",
      "[*********************100%***********************]  1 of 1 completed\n",
      "[*********************100%***********************]  1 of 1 completed\n",
      "[*********************100%***********************]  1 of 1 completed\n",
      "[*********************100%***********************]  1 of 1 completed\n",
      "[*********************100%***********************]  1 of 1 completed\n",
      "[*********************100%***********************]  1 of 1 completed\n",
      "[*********************100%***********************]  1 of 1 completed\n",
      "[*********************100%***********************]  1 of 1 completed\n",
      "[*********************100%***********************]  1 of 1 completed\n"
     ]
    },
    {
     "data": {
      "text/html": [
       "<div>\n",
       "<style scoped>\n",
       "    .dataframe tbody tr th:only-of-type {\n",
       "        vertical-align: middle;\n",
       "    }\n",
       "\n",
       "    .dataframe tbody tr th {\n",
       "        vertical-align: top;\n",
       "    }\n",
       "\n",
       "    .dataframe thead th {\n",
       "        text-align: right;\n",
       "    }\n",
       "</style>\n",
       "<table border=\"1\" class=\"dataframe\">\n",
       "  <thead>\n",
       "    <tr style=\"text-align: right;\">\n",
       "      <th></th>\n",
       "      <th>INCO.jk</th>\n",
       "      <th>AMRT.jk</th>\n",
       "      <th>APIC.jk</th>\n",
       "      <th>ITMG.jk</th>\n",
       "      <th>MEDC.jk</th>\n",
       "      <th>HEXA.jk</th>\n",
       "      <th>MFIN.jk</th>\n",
       "      <th>MPMX.jk</th>\n",
       "      <th>BSSR.jk</th>\n",
       "      <th>BFIN.jk</th>\n",
       "      <th>UNTR.jk</th>\n",
       "      <th>ARNA.jk</th>\n",
       "      <th>ADMF.jk</th>\n",
       "      <th>MBAP.jk</th>\n",
       "      <th>MTDL.jk</th>\n",
       "      <th>ADRO.jk</th>\n",
       "      <th>SRTG.jk</th>\n",
       "      <th>INDF.jk</th>\n",
       "      <th>BYAN.jk</th>\n",
       "    </tr>\n",
       "    <tr>\n",
       "      <th>Date</th>\n",
       "      <th></th>\n",
       "      <th></th>\n",
       "      <th></th>\n",
       "      <th></th>\n",
       "      <th></th>\n",
       "      <th></th>\n",
       "      <th></th>\n",
       "      <th></th>\n",
       "      <th></th>\n",
       "      <th></th>\n",
       "      <th></th>\n",
       "      <th></th>\n",
       "      <th></th>\n",
       "      <th></th>\n",
       "      <th></th>\n",
       "      <th></th>\n",
       "      <th></th>\n",
       "      <th></th>\n",
       "      <th></th>\n",
       "    </tr>\n",
       "  </thead>\n",
       "  <tbody>\n",
       "    <tr>\n",
       "      <th>2017-01-02</th>\n",
       "      <td>2793.845947</td>\n",
       "      <td>587.474915</td>\n",
       "      <td>428.0</td>\n",
       "      <td>6581.563477</td>\n",
       "      <td>236.869095</td>\n",
       "      <td>1257.818359</td>\n",
       "      <td>262.041595</td>\n",
       "      <td>295.660492</td>\n",
       "      <td>596.831055</td>\n",
       "      <td>262.053711</td>\n",
       "      <td>16619.794922</td>\n",
       "      <td>376.830048</td>\n",
       "      <td>3709.806641</td>\n",
       "      <td>997.4021</td>\n",
       "      <td>113.488525</td>\n",
       "      <td>1065.457275</td>\n",
       "      <td>613.484619</td>\n",
       "      <td>6325.399902</td>\n",
       "      <td>421.121338</td>\n",
       "    </tr>\n",
       "    <tr>\n",
       "      <th>2017-01-03</th>\n",
       "      <td>2754.217041</td>\n",
       "      <td>582.775146</td>\n",
       "      <td>416.0</td>\n",
       "      <td>6747.321289</td>\n",
       "      <td>242.252472</td>\n",
       "      <td>1253.694336</td>\n",
       "      <td>262.041595</td>\n",
       "      <td>292.054871</td>\n",
       "      <td>596.831055</td>\n",
       "      <td>262.053711</td>\n",
       "      <td>16424.269531</td>\n",
       "      <td>380.453461</td>\n",
       "      <td>3599.885742</td>\n",
       "      <td>997.4021</td>\n",
       "      <td>112.615532</td>\n",
       "      <td>1093.743652</td>\n",
       "      <td>613.484619</td>\n",
       "      <td>6165.768555</td>\n",
       "      <td>421.121338</td>\n",
       "    </tr>\n",
       "    <tr>\n",
       "      <th>2017-01-04</th>\n",
       "      <td>2694.773438</td>\n",
       "      <td>545.176636</td>\n",
       "      <td>410.0</td>\n",
       "      <td>6630.315430</td>\n",
       "      <td>279.038940</td>\n",
       "      <td>1253.694336</td>\n",
       "      <td>262.041595</td>\n",
       "      <td>288.449280</td>\n",
       "      <td>596.831055</td>\n",
       "      <td>247.079239</td>\n",
       "      <td>16737.111328</td>\n",
       "      <td>297.116028</td>\n",
       "      <td>3517.446045</td>\n",
       "      <td>997.4021</td>\n",
       "      <td>111.742538</td>\n",
       "      <td>1068.600098</td>\n",
       "      <td>611.731750</td>\n",
       "      <td>6225.630371</td>\n",
       "      <td>421.121338</td>\n",
       "    </tr>\n",
       "    <tr>\n",
       "      <th>2017-01-05</th>\n",
       "      <td>2813.660400</td>\n",
       "      <td>545.176636</td>\n",
       "      <td>412.0</td>\n",
       "      <td>6406.054688</td>\n",
       "      <td>269.169434</td>\n",
       "      <td>1253.694336</td>\n",
       "      <td>263.765564</td>\n",
       "      <td>288.449280</td>\n",
       "      <td>596.831055</td>\n",
       "      <td>258.310150</td>\n",
       "      <td>17186.824219</td>\n",
       "      <td>360.887299</td>\n",
       "      <td>3489.965576</td>\n",
       "      <td>997.4021</td>\n",
       "      <td>111.742538</td>\n",
       "      <td>1046.599609</td>\n",
       "      <td>604.720520</td>\n",
       "      <td>6385.261230</td>\n",
       "      <td>421.121338</td>\n",
       "    </tr>\n",
       "    <tr>\n",
       "      <th>2017-01-06</th>\n",
       "      <td>2902.825684</td>\n",
       "      <td>554.576294</td>\n",
       "      <td>412.0</td>\n",
       "      <td>6474.308105</td>\n",
       "      <td>270.963898</td>\n",
       "      <td>1274.314331</td>\n",
       "      <td>263.765564</td>\n",
       "      <td>295.660492</td>\n",
       "      <td>596.831055</td>\n",
       "      <td>258.310150</td>\n",
       "      <td>16971.746094</td>\n",
       "      <td>362.336639</td>\n",
       "      <td>3462.485596</td>\n",
       "      <td>997.4021</td>\n",
       "      <td>113.488525</td>\n",
       "      <td>1065.457275</td>\n",
       "      <td>604.720520</td>\n",
       "      <td>6405.215820</td>\n",
       "      <td>414.102661</td>\n",
       "    </tr>\n",
       "  </tbody>\n",
       "</table>\n",
       "</div>"
      ],
      "text/plain": [
       "                INCO.jk     AMRT.jk  APIC.jk      ITMG.jk     MEDC.jk   \n",
       "Date                                                                    \n",
       "2017-01-02  2793.845947  587.474915    428.0  6581.563477  236.869095  \\\n",
       "2017-01-03  2754.217041  582.775146    416.0  6747.321289  242.252472   \n",
       "2017-01-04  2694.773438  545.176636    410.0  6630.315430  279.038940   \n",
       "2017-01-05  2813.660400  545.176636    412.0  6406.054688  269.169434   \n",
       "2017-01-06  2902.825684  554.576294    412.0  6474.308105  270.963898   \n",
       "\n",
       "                HEXA.jk     MFIN.jk     MPMX.jk     BSSR.jk     BFIN.jk   \n",
       "Date                                                                      \n",
       "2017-01-02  1257.818359  262.041595  295.660492  596.831055  262.053711  \\\n",
       "2017-01-03  1253.694336  262.041595  292.054871  596.831055  262.053711   \n",
       "2017-01-04  1253.694336  262.041595  288.449280  596.831055  247.079239   \n",
       "2017-01-05  1253.694336  263.765564  288.449280  596.831055  258.310150   \n",
       "2017-01-06  1274.314331  263.765564  295.660492  596.831055  258.310150   \n",
       "\n",
       "                 UNTR.jk     ARNA.jk      ADMF.jk   MBAP.jk     MTDL.jk   \n",
       "Date                                                                      \n",
       "2017-01-02  16619.794922  376.830048  3709.806641  997.4021  113.488525  \\\n",
       "2017-01-03  16424.269531  380.453461  3599.885742  997.4021  112.615532   \n",
       "2017-01-04  16737.111328  297.116028  3517.446045  997.4021  111.742538   \n",
       "2017-01-05  17186.824219  360.887299  3489.965576  997.4021  111.742538   \n",
       "2017-01-06  16971.746094  362.336639  3462.485596  997.4021  113.488525   \n",
       "\n",
       "                ADRO.jk     SRTG.jk      INDF.jk     BYAN.jk  \n",
       "Date                                                          \n",
       "2017-01-02  1065.457275  613.484619  6325.399902  421.121338  \n",
       "2017-01-03  1093.743652  613.484619  6165.768555  421.121338  \n",
       "2017-01-04  1068.600098  611.731750  6225.630371  421.121338  \n",
       "2017-01-05  1046.599609  604.720520  6385.261230  421.121338  \n",
       "2017-01-06  1065.457275  604.720520  6405.215820  414.102661  "
      ]
     },
     "execution_count": 3,
     "metadata": {},
     "output_type": "execute_result"
    }
   ],
   "source": [
    "tickers = ['INCO.jk', 'AMRT.jk', 'APIC.jk', 'ITMG.jk', 'MEDC.jk', 'HEXA.jk', 'MFIN.jk', 'MPMX.jk', 'BSSR.jk', 'BFIN.jk', 'UNTR.jk', 'ARNA.jk', 'UNTR.jk','ADMF.jk','MBAP.jk','MTDL.jk','ADRO.jk','SRTG.jk','INDF.jk', 'BYAN.jk']\n",
    "financial_institution = pd.DataFrame()\n",
    "for ticker in tickers : \n",
    "    financial_institution[ticker] = wb.get_data_yahoo(ticker, start = '2017-01-01', end = '2023-04-01')['Adj Close']\n",
    "financial_institution.head()"
   ]
  },
  {
   "cell_type": "code",
   "execution_count": 4,
   "id": "df11139e-d892-42b3-8cb5-2d666efddd2b",
   "metadata": {
    "tags": []
   },
   "outputs": [
    {
     "data": {
      "text/html": [
       "<div>\n",
       "<style scoped>\n",
       "    .dataframe tbody tr th:only-of-type {\n",
       "        vertical-align: middle;\n",
       "    }\n",
       "\n",
       "    .dataframe tbody tr th {\n",
       "        vertical-align: top;\n",
       "    }\n",
       "\n",
       "    .dataframe thead th {\n",
       "        text-align: right;\n",
       "    }\n",
       "</style>\n",
       "<table border=\"1\" class=\"dataframe\">\n",
       "  <thead>\n",
       "    <tr style=\"text-align: right;\">\n",
       "      <th></th>\n",
       "      <th>INCO.jk</th>\n",
       "      <th>AMRT.jk</th>\n",
       "      <th>APIC.jk</th>\n",
       "      <th>ITMG.jk</th>\n",
       "      <th>MEDC.jk</th>\n",
       "      <th>HEXA.jk</th>\n",
       "      <th>MFIN.jk</th>\n",
       "      <th>MPMX.jk</th>\n",
       "      <th>BSSR.jk</th>\n",
       "      <th>BFIN.jk</th>\n",
       "      <th>UNTR.jk</th>\n",
       "      <th>ARNA.jk</th>\n",
       "      <th>ADMF.jk</th>\n",
       "      <th>MBAP.jk</th>\n",
       "      <th>MTDL.jk</th>\n",
       "      <th>ADRO.jk</th>\n",
       "      <th>SRTG.jk</th>\n",
       "      <th>INDF.jk</th>\n",
       "      <th>BYAN.jk</th>\n",
       "    </tr>\n",
       "    <tr>\n",
       "      <th>Date</th>\n",
       "      <th></th>\n",
       "      <th></th>\n",
       "      <th></th>\n",
       "      <th></th>\n",
       "      <th></th>\n",
       "      <th></th>\n",
       "      <th></th>\n",
       "      <th></th>\n",
       "      <th></th>\n",
       "      <th></th>\n",
       "      <th></th>\n",
       "      <th></th>\n",
       "      <th></th>\n",
       "      <th></th>\n",
       "      <th></th>\n",
       "      <th></th>\n",
       "      <th></th>\n",
       "      <th></th>\n",
       "      <th></th>\n",
       "    </tr>\n",
       "  </thead>\n",
       "  <tbody>\n",
       "    <tr>\n",
       "      <th>2017-01-03</th>\n",
       "      <td>-0.014184</td>\n",
       "      <td>-0.008000</td>\n",
       "      <td>-0.028037</td>\n",
       "      <td>0.025185</td>\n",
       "      <td>0.022727</td>\n",
       "      <td>-0.003279</td>\n",
       "      <td>0.000000</td>\n",
       "      <td>-0.012195</td>\n",
       "      <td>0.0</td>\n",
       "      <td>0.000000</td>\n",
       "      <td>-0.011765</td>\n",
       "      <td>0.009616</td>\n",
       "      <td>-0.029630</td>\n",
       "      <td>0.0</td>\n",
       "      <td>-0.007692</td>\n",
       "      <td>0.026549</td>\n",
       "      <td>0.000000</td>\n",
       "      <td>-0.025237</td>\n",
       "      <td>0.000000</td>\n",
       "    </tr>\n",
       "    <tr>\n",
       "      <th>2017-01-04</th>\n",
       "      <td>-0.021583</td>\n",
       "      <td>-0.064516</td>\n",
       "      <td>-0.014423</td>\n",
       "      <td>-0.017341</td>\n",
       "      <td>0.151852</td>\n",
       "      <td>0.000000</td>\n",
       "      <td>0.000000</td>\n",
       "      <td>-0.012346</td>\n",
       "      <td>0.0</td>\n",
       "      <td>-0.057143</td>\n",
       "      <td>0.019048</td>\n",
       "      <td>-0.219048</td>\n",
       "      <td>-0.022901</td>\n",
       "      <td>0.0</td>\n",
       "      <td>-0.007752</td>\n",
       "      <td>-0.022989</td>\n",
       "      <td>-0.002857</td>\n",
       "      <td>0.009709</td>\n",
       "      <td>0.000000</td>\n",
       "    </tr>\n",
       "    <tr>\n",
       "      <th>2017-01-05</th>\n",
       "      <td>0.044118</td>\n",
       "      <td>0.000000</td>\n",
       "      <td>0.004878</td>\n",
       "      <td>-0.033824</td>\n",
       "      <td>-0.035370</td>\n",
       "      <td>0.000000</td>\n",
       "      <td>0.006579</td>\n",
       "      <td>0.000000</td>\n",
       "      <td>0.0</td>\n",
       "      <td>0.045455</td>\n",
       "      <td>0.026869</td>\n",
       "      <td>0.214634</td>\n",
       "      <td>-0.007813</td>\n",
       "      <td>0.0</td>\n",
       "      <td>0.000000</td>\n",
       "      <td>-0.020588</td>\n",
       "      <td>-0.011461</td>\n",
       "      <td>0.025641</td>\n",
       "      <td>0.000000</td>\n",
       "    </tr>\n",
       "    <tr>\n",
       "      <th>2017-01-06</th>\n",
       "      <td>0.031690</td>\n",
       "      <td>0.017241</td>\n",
       "      <td>0.000000</td>\n",
       "      <td>0.010655</td>\n",
       "      <td>0.006667</td>\n",
       "      <td>0.016447</td>\n",
       "      <td>0.000000</td>\n",
       "      <td>0.025000</td>\n",
       "      <td>0.0</td>\n",
       "      <td>0.000000</td>\n",
       "      <td>-0.012514</td>\n",
       "      <td>0.004016</td>\n",
       "      <td>-0.007874</td>\n",
       "      <td>0.0</td>\n",
       "      <td>0.015625</td>\n",
       "      <td>0.018018</td>\n",
       "      <td>0.000000</td>\n",
       "      <td>0.003125</td>\n",
       "      <td>-0.016667</td>\n",
       "    </tr>\n",
       "    <tr>\n",
       "      <th>2017-01-09</th>\n",
       "      <td>-0.027304</td>\n",
       "      <td>-0.025424</td>\n",
       "      <td>-0.009709</td>\n",
       "      <td>-0.022590</td>\n",
       "      <td>-0.006623</td>\n",
       "      <td>0.009709</td>\n",
       "      <td>-0.026144</td>\n",
       "      <td>-0.006098</td>\n",
       "      <td>0.0</td>\n",
       "      <td>0.028985</td>\n",
       "      <td>0.009216</td>\n",
       "      <td>-0.008000</td>\n",
       "      <td>0.007936</td>\n",
       "      <td>0.0</td>\n",
       "      <td>-0.007692</td>\n",
       "      <td>0.014749</td>\n",
       "      <td>-0.002898</td>\n",
       "      <td>-0.024922</td>\n",
       "      <td>0.000000</td>\n",
       "    </tr>\n",
       "  </tbody>\n",
       "</table>\n",
       "</div>"
      ],
      "text/plain": [
       "             INCO.jk   AMRT.jk   APIC.jk   ITMG.jk   MEDC.jk   HEXA.jk   \n",
       "Date                                                                     \n",
       "2017-01-03 -0.014184 -0.008000 -0.028037  0.025185  0.022727 -0.003279  \\\n",
       "2017-01-04 -0.021583 -0.064516 -0.014423 -0.017341  0.151852  0.000000   \n",
       "2017-01-05  0.044118  0.000000  0.004878 -0.033824 -0.035370  0.000000   \n",
       "2017-01-06  0.031690  0.017241  0.000000  0.010655  0.006667  0.016447   \n",
       "2017-01-09 -0.027304 -0.025424 -0.009709 -0.022590 -0.006623  0.009709   \n",
       "\n",
       "             MFIN.jk   MPMX.jk  BSSR.jk   BFIN.jk   UNTR.jk   ARNA.jk   \n",
       "Date                                                                    \n",
       "2017-01-03  0.000000 -0.012195      0.0  0.000000 -0.011765  0.009616  \\\n",
       "2017-01-04  0.000000 -0.012346      0.0 -0.057143  0.019048 -0.219048   \n",
       "2017-01-05  0.006579  0.000000      0.0  0.045455  0.026869  0.214634   \n",
       "2017-01-06  0.000000  0.025000      0.0  0.000000 -0.012514  0.004016   \n",
       "2017-01-09 -0.026144 -0.006098      0.0  0.028985  0.009216 -0.008000   \n",
       "\n",
       "             ADMF.jk  MBAP.jk   MTDL.jk   ADRO.jk   SRTG.jk   INDF.jk   \n",
       "Date                                                                    \n",
       "2017-01-03 -0.029630      0.0 -0.007692  0.026549  0.000000 -0.025237  \\\n",
       "2017-01-04 -0.022901      0.0 -0.007752 -0.022989 -0.002857  0.009709   \n",
       "2017-01-05 -0.007813      0.0  0.000000 -0.020588 -0.011461  0.025641   \n",
       "2017-01-06 -0.007874      0.0  0.015625  0.018018  0.000000  0.003125   \n",
       "2017-01-09  0.007936      0.0 -0.007692  0.014749 -0.002898 -0.024922   \n",
       "\n",
       "             BYAN.jk  \n",
       "Date                  \n",
       "2017-01-03  0.000000  \n",
       "2017-01-04  0.000000  \n",
       "2017-01-05  0.000000  \n",
       "2017-01-06 -0.016667  \n",
       "2017-01-09  0.000000  "
      ]
     },
     "execution_count": 4,
     "metadata": {},
     "output_type": "execute_result"
    }
   ],
   "source": [
    "daily_return = financial_institution.pct_change()\n",
    "daily_return.dropna(inplace = True)\n",
    "daily_return.head()"
   ]
  },
  {
   "cell_type": "markdown",
   "id": "40fe0b9d-b746-4046-9bb0-73f932c975c9",
   "metadata": {},
   "source": [
    "## Calculating Correlation"
   ]
  },
  {
   "cell_type": "code",
   "execution_count": 5,
   "id": "19927a47-e85d-46e0-b362-b1a858790ddb",
   "metadata": {
    "tags": []
   },
   "outputs": [
    {
     "data": {
      "text/html": [
       "<div>\n",
       "<style scoped>\n",
       "    .dataframe tbody tr th:only-of-type {\n",
       "        vertical-align: middle;\n",
       "    }\n",
       "\n",
       "    .dataframe tbody tr th {\n",
       "        vertical-align: top;\n",
       "    }\n",
       "\n",
       "    .dataframe thead th {\n",
       "        text-align: right;\n",
       "    }\n",
       "</style>\n",
       "<table border=\"1\" class=\"dataframe\">\n",
       "  <thead>\n",
       "    <tr style=\"text-align: right;\">\n",
       "      <th></th>\n",
       "      <th>INCO.jk</th>\n",
       "      <th>AMRT.jk</th>\n",
       "      <th>APIC.jk</th>\n",
       "      <th>ITMG.jk</th>\n",
       "      <th>MEDC.jk</th>\n",
       "      <th>HEXA.jk</th>\n",
       "      <th>MFIN.jk</th>\n",
       "      <th>MPMX.jk</th>\n",
       "      <th>BSSR.jk</th>\n",
       "      <th>BFIN.jk</th>\n",
       "      <th>UNTR.jk</th>\n",
       "      <th>ARNA.jk</th>\n",
       "      <th>ADMF.jk</th>\n",
       "      <th>MBAP.jk</th>\n",
       "      <th>MTDL.jk</th>\n",
       "      <th>ADRO.jk</th>\n",
       "      <th>SRTG.jk</th>\n",
       "      <th>INDF.jk</th>\n",
       "      <th>BYAN.jk</th>\n",
       "    </tr>\n",
       "  </thead>\n",
       "  <tbody>\n",
       "    <tr>\n",
       "      <th>INCO.jk</th>\n",
       "      <td>1.000000</td>\n",
       "      <td>0.125689</td>\n",
       "      <td>0.107925</td>\n",
       "      <td>0.296260</td>\n",
       "      <td>0.327469</td>\n",
       "      <td>0.195293</td>\n",
       "      <td>0.053039</td>\n",
       "      <td>0.153281</td>\n",
       "      <td>0.075435</td>\n",
       "      <td>0.118264</td>\n",
       "      <td>0.311081</td>\n",
       "      <td>0.055999</td>\n",
       "      <td>0.231140</td>\n",
       "      <td>0.154877</td>\n",
       "      <td>0.174304</td>\n",
       "      <td>0.364520</td>\n",
       "      <td>0.141684</td>\n",
       "      <td>0.233990</td>\n",
       "      <td>0.001037</td>\n",
       "    </tr>\n",
       "    <tr>\n",
       "      <th>AMRT.jk</th>\n",
       "      <td>0.125689</td>\n",
       "      <td>1.000000</td>\n",
       "      <td>0.049760</td>\n",
       "      <td>0.105021</td>\n",
       "      <td>0.057746</td>\n",
       "      <td>0.026862</td>\n",
       "      <td>0.029334</td>\n",
       "      <td>0.024493</td>\n",
       "      <td>-0.003394</td>\n",
       "      <td>0.053279</td>\n",
       "      <td>0.109877</td>\n",
       "      <td>0.028056</td>\n",
       "      <td>0.088778</td>\n",
       "      <td>0.045154</td>\n",
       "      <td>0.036124</td>\n",
       "      <td>0.069203</td>\n",
       "      <td>0.091618</td>\n",
       "      <td>0.115682</td>\n",
       "      <td>-0.006609</td>\n",
       "    </tr>\n",
       "    <tr>\n",
       "      <th>APIC.jk</th>\n",
       "      <td>0.107925</td>\n",
       "      <td>0.049760</td>\n",
       "      <td>1.000000</td>\n",
       "      <td>0.120054</td>\n",
       "      <td>0.113107</td>\n",
       "      <td>0.036668</td>\n",
       "      <td>0.080355</td>\n",
       "      <td>0.104107</td>\n",
       "      <td>0.041060</td>\n",
       "      <td>0.046051</td>\n",
       "      <td>0.127619</td>\n",
       "      <td>0.043562</td>\n",
       "      <td>0.091859</td>\n",
       "      <td>0.057867</td>\n",
       "      <td>0.100834</td>\n",
       "      <td>0.127073</td>\n",
       "      <td>0.086174</td>\n",
       "      <td>0.073876</td>\n",
       "      <td>0.012525</td>\n",
       "    </tr>\n",
       "    <tr>\n",
       "      <th>ITMG.jk</th>\n",
       "      <td>0.296260</td>\n",
       "      <td>0.105021</td>\n",
       "      <td>0.120054</td>\n",
       "      <td>1.000000</td>\n",
       "      <td>0.305183</td>\n",
       "      <td>0.222467</td>\n",
       "      <td>0.057194</td>\n",
       "      <td>0.120410</td>\n",
       "      <td>0.179874</td>\n",
       "      <td>0.084456</td>\n",
       "      <td>0.454844</td>\n",
       "      <td>0.025706</td>\n",
       "      <td>0.263315</td>\n",
       "      <td>0.292512</td>\n",
       "      <td>0.180018</td>\n",
       "      <td>0.595518</td>\n",
       "      <td>0.158976</td>\n",
       "      <td>0.147813</td>\n",
       "      <td>0.073532</td>\n",
       "    </tr>\n",
       "    <tr>\n",
       "      <th>MEDC.jk</th>\n",
       "      <td>0.327469</td>\n",
       "      <td>0.057746</td>\n",
       "      <td>0.113107</td>\n",
       "      <td>0.305183</td>\n",
       "      <td>1.000000</td>\n",
       "      <td>0.114502</td>\n",
       "      <td>0.071458</td>\n",
       "      <td>0.129078</td>\n",
       "      <td>0.099788</td>\n",
       "      <td>0.169741</td>\n",
       "      <td>0.268691</td>\n",
       "      <td>0.027935</td>\n",
       "      <td>0.204785</td>\n",
       "      <td>0.134401</td>\n",
       "      <td>0.160883</td>\n",
       "      <td>0.371783</td>\n",
       "      <td>0.063461</td>\n",
       "      <td>0.163688</td>\n",
       "      <td>-0.012007</td>\n",
       "    </tr>\n",
       "    <tr>\n",
       "      <th>HEXA.jk</th>\n",
       "      <td>0.195293</td>\n",
       "      <td>0.026862</td>\n",
       "      <td>0.036668</td>\n",
       "      <td>0.222467</td>\n",
       "      <td>0.114502</td>\n",
       "      <td>1.000000</td>\n",
       "      <td>0.029978</td>\n",
       "      <td>0.105075</td>\n",
       "      <td>0.065050</td>\n",
       "      <td>0.063218</td>\n",
       "      <td>0.208785</td>\n",
       "      <td>0.030004</td>\n",
       "      <td>0.190165</td>\n",
       "      <td>0.176090</td>\n",
       "      <td>0.132800</td>\n",
       "      <td>0.261192</td>\n",
       "      <td>0.116422</td>\n",
       "      <td>0.153678</td>\n",
       "      <td>-0.000017</td>\n",
       "    </tr>\n",
       "    <tr>\n",
       "      <th>MFIN.jk</th>\n",
       "      <td>0.053039</td>\n",
       "      <td>0.029334</td>\n",
       "      <td>0.080355</td>\n",
       "      <td>0.057194</td>\n",
       "      <td>0.071458</td>\n",
       "      <td>0.029978</td>\n",
       "      <td>1.000000</td>\n",
       "      <td>0.071356</td>\n",
       "      <td>0.018220</td>\n",
       "      <td>-0.006794</td>\n",
       "      <td>0.083103</td>\n",
       "      <td>-0.009421</td>\n",
       "      <td>0.066038</td>\n",
       "      <td>0.045958</td>\n",
       "      <td>0.089830</td>\n",
       "      <td>0.056406</td>\n",
       "      <td>0.078600</td>\n",
       "      <td>0.045026</td>\n",
       "      <td>-0.001474</td>\n",
       "    </tr>\n",
       "    <tr>\n",
       "      <th>MPMX.jk</th>\n",
       "      <td>0.153281</td>\n",
       "      <td>0.024493</td>\n",
       "      <td>0.104107</td>\n",
       "      <td>0.120410</td>\n",
       "      <td>0.129078</td>\n",
       "      <td>0.105075</td>\n",
       "      <td>0.071356</td>\n",
       "      <td>1.000000</td>\n",
       "      <td>0.016052</td>\n",
       "      <td>0.148544</td>\n",
       "      <td>0.174257</td>\n",
       "      <td>0.046801</td>\n",
       "      <td>0.185328</td>\n",
       "      <td>0.075303</td>\n",
       "      <td>0.137193</td>\n",
       "      <td>0.162511</td>\n",
       "      <td>0.153104</td>\n",
       "      <td>0.153699</td>\n",
       "      <td>-0.003833</td>\n",
       "    </tr>\n",
       "    <tr>\n",
       "      <th>BSSR.jk</th>\n",
       "      <td>0.075435</td>\n",
       "      <td>-0.003394</td>\n",
       "      <td>0.041060</td>\n",
       "      <td>0.179874</td>\n",
       "      <td>0.099788</td>\n",
       "      <td>0.065050</td>\n",
       "      <td>0.018220</td>\n",
       "      <td>0.016052</td>\n",
       "      <td>1.000000</td>\n",
       "      <td>0.029168</td>\n",
       "      <td>0.106028</td>\n",
       "      <td>0.042766</td>\n",
       "      <td>0.095425</td>\n",
       "      <td>0.145719</td>\n",
       "      <td>0.018463</td>\n",
       "      <td>0.198251</td>\n",
       "      <td>0.073631</td>\n",
       "      <td>0.029842</td>\n",
       "      <td>0.011667</td>\n",
       "    </tr>\n",
       "    <tr>\n",
       "      <th>BFIN.jk</th>\n",
       "      <td>0.118264</td>\n",
       "      <td>0.053279</td>\n",
       "      <td>0.046051</td>\n",
       "      <td>0.084456</td>\n",
       "      <td>0.169741</td>\n",
       "      <td>0.063218</td>\n",
       "      <td>-0.006794</td>\n",
       "      <td>0.148544</td>\n",
       "      <td>0.029168</td>\n",
       "      <td>1.000000</td>\n",
       "      <td>0.120957</td>\n",
       "      <td>0.093030</td>\n",
       "      <td>0.174694</td>\n",
       "      <td>0.035464</td>\n",
       "      <td>0.109451</td>\n",
       "      <td>0.131445</td>\n",
       "      <td>0.100162</td>\n",
       "      <td>0.070276</td>\n",
       "      <td>-0.000345</td>\n",
       "    </tr>\n",
       "    <tr>\n",
       "      <th>UNTR.jk</th>\n",
       "      <td>0.311081</td>\n",
       "      <td>0.109877</td>\n",
       "      <td>0.127619</td>\n",
       "      <td>0.454844</td>\n",
       "      <td>0.268691</td>\n",
       "      <td>0.208785</td>\n",
       "      <td>0.083103</td>\n",
       "      <td>0.174257</td>\n",
       "      <td>0.106028</td>\n",
       "      <td>0.120957</td>\n",
       "      <td>1.000000</td>\n",
       "      <td>0.045513</td>\n",
       "      <td>0.210559</td>\n",
       "      <td>0.184192</td>\n",
       "      <td>0.194284</td>\n",
       "      <td>0.521103</td>\n",
       "      <td>0.146098</td>\n",
       "      <td>0.245615</td>\n",
       "      <td>0.026841</td>\n",
       "    </tr>\n",
       "    <tr>\n",
       "      <th>ARNA.jk</th>\n",
       "      <td>0.055999</td>\n",
       "      <td>0.028056</td>\n",
       "      <td>0.043562</td>\n",
       "      <td>0.025706</td>\n",
       "      <td>0.027935</td>\n",
       "      <td>0.030004</td>\n",
       "      <td>-0.009421</td>\n",
       "      <td>0.046801</td>\n",
       "      <td>0.042766</td>\n",
       "      <td>0.093030</td>\n",
       "      <td>0.045513</td>\n",
       "      <td>1.000000</td>\n",
       "      <td>0.062777</td>\n",
       "      <td>0.048950</td>\n",
       "      <td>0.045414</td>\n",
       "      <td>0.035245</td>\n",
       "      <td>0.022049</td>\n",
       "      <td>0.073480</td>\n",
       "      <td>-0.001796</td>\n",
       "    </tr>\n",
       "    <tr>\n",
       "      <th>ADMF.jk</th>\n",
       "      <td>0.231140</td>\n",
       "      <td>0.088778</td>\n",
       "      <td>0.091859</td>\n",
       "      <td>0.263315</td>\n",
       "      <td>0.204785</td>\n",
       "      <td>0.190165</td>\n",
       "      <td>0.066038</td>\n",
       "      <td>0.185328</td>\n",
       "      <td>0.095425</td>\n",
       "      <td>0.174694</td>\n",
       "      <td>0.210559</td>\n",
       "      <td>0.062777</td>\n",
       "      <td>1.000000</td>\n",
       "      <td>0.135480</td>\n",
       "      <td>0.184798</td>\n",
       "      <td>0.261149</td>\n",
       "      <td>0.085175</td>\n",
       "      <td>0.228806</td>\n",
       "      <td>0.014783</td>\n",
       "    </tr>\n",
       "    <tr>\n",
       "      <th>MBAP.jk</th>\n",
       "      <td>0.154877</td>\n",
       "      <td>0.045154</td>\n",
       "      <td>0.057867</td>\n",
       "      <td>0.292512</td>\n",
       "      <td>0.134401</td>\n",
       "      <td>0.176090</td>\n",
       "      <td>0.045958</td>\n",
       "      <td>0.075303</td>\n",
       "      <td>0.145719</td>\n",
       "      <td>0.035464</td>\n",
       "      <td>0.184192</td>\n",
       "      <td>0.048950</td>\n",
       "      <td>0.135480</td>\n",
       "      <td>1.000000</td>\n",
       "      <td>0.088086</td>\n",
       "      <td>0.264223</td>\n",
       "      <td>0.086953</td>\n",
       "      <td>0.101959</td>\n",
       "      <td>0.045565</td>\n",
       "    </tr>\n",
       "    <tr>\n",
       "      <th>MTDL.jk</th>\n",
       "      <td>0.174304</td>\n",
       "      <td>0.036124</td>\n",
       "      <td>0.100834</td>\n",
       "      <td>0.180018</td>\n",
       "      <td>0.160883</td>\n",
       "      <td>0.132800</td>\n",
       "      <td>0.089830</td>\n",
       "      <td>0.137193</td>\n",
       "      <td>0.018463</td>\n",
       "      <td>0.109451</td>\n",
       "      <td>0.194284</td>\n",
       "      <td>0.045414</td>\n",
       "      <td>0.184798</td>\n",
       "      <td>0.088086</td>\n",
       "      <td>1.000000</td>\n",
       "      <td>0.194273</td>\n",
       "      <td>0.095528</td>\n",
       "      <td>0.174676</td>\n",
       "      <td>-0.006764</td>\n",
       "    </tr>\n",
       "    <tr>\n",
       "      <th>ADRO.jk</th>\n",
       "      <td>0.364520</td>\n",
       "      <td>0.069203</td>\n",
       "      <td>0.127073</td>\n",
       "      <td>0.595518</td>\n",
       "      <td>0.371783</td>\n",
       "      <td>0.261192</td>\n",
       "      <td>0.056406</td>\n",
       "      <td>0.162511</td>\n",
       "      <td>0.198251</td>\n",
       "      <td>0.131445</td>\n",
       "      <td>0.521103</td>\n",
       "      <td>0.035245</td>\n",
       "      <td>0.261149</td>\n",
       "      <td>0.264223</td>\n",
       "      <td>0.194273</td>\n",
       "      <td>1.000000</td>\n",
       "      <td>0.198810</td>\n",
       "      <td>0.214483</td>\n",
       "      <td>0.051254</td>\n",
       "    </tr>\n",
       "    <tr>\n",
       "      <th>SRTG.jk</th>\n",
       "      <td>0.141684</td>\n",
       "      <td>0.091618</td>\n",
       "      <td>0.086174</td>\n",
       "      <td>0.158976</td>\n",
       "      <td>0.063461</td>\n",
       "      <td>0.116422</td>\n",
       "      <td>0.078600</td>\n",
       "      <td>0.153104</td>\n",
       "      <td>0.073631</td>\n",
       "      <td>0.100162</td>\n",
       "      <td>0.146098</td>\n",
       "      <td>0.022049</td>\n",
       "      <td>0.085175</td>\n",
       "      <td>0.086953</td>\n",
       "      <td>0.095528</td>\n",
       "      <td>0.198810</td>\n",
       "      <td>1.000000</td>\n",
       "      <td>0.080019</td>\n",
       "      <td>0.001458</td>\n",
       "    </tr>\n",
       "    <tr>\n",
       "      <th>INDF.jk</th>\n",
       "      <td>0.233990</td>\n",
       "      <td>0.115682</td>\n",
       "      <td>0.073876</td>\n",
       "      <td>0.147813</td>\n",
       "      <td>0.163688</td>\n",
       "      <td>0.153678</td>\n",
       "      <td>0.045026</td>\n",
       "      <td>0.153699</td>\n",
       "      <td>0.029842</td>\n",
       "      <td>0.070276</td>\n",
       "      <td>0.245615</td>\n",
       "      <td>0.073480</td>\n",
       "      <td>0.228806</td>\n",
       "      <td>0.101959</td>\n",
       "      <td>0.174676</td>\n",
       "      <td>0.214483</td>\n",
       "      <td>0.080019</td>\n",
       "      <td>1.000000</td>\n",
       "      <td>-0.005197</td>\n",
       "    </tr>\n",
       "    <tr>\n",
       "      <th>BYAN.jk</th>\n",
       "      <td>0.001037</td>\n",
       "      <td>-0.006609</td>\n",
       "      <td>0.012525</td>\n",
       "      <td>0.073532</td>\n",
       "      <td>-0.012007</td>\n",
       "      <td>-0.000017</td>\n",
       "      <td>-0.001474</td>\n",
       "      <td>-0.003833</td>\n",
       "      <td>0.011667</td>\n",
       "      <td>-0.000345</td>\n",
       "      <td>0.026841</td>\n",
       "      <td>-0.001796</td>\n",
       "      <td>0.014783</td>\n",
       "      <td>0.045565</td>\n",
       "      <td>-0.006764</td>\n",
       "      <td>0.051254</td>\n",
       "      <td>0.001458</td>\n",
       "      <td>-0.005197</td>\n",
       "      <td>1.000000</td>\n",
       "    </tr>\n",
       "  </tbody>\n",
       "</table>\n",
       "</div>"
      ],
      "text/plain": [
       "          INCO.jk   AMRT.jk   APIC.jk   ITMG.jk   MEDC.jk   HEXA.jk   MFIN.jk   \n",
       "INCO.jk  1.000000  0.125689  0.107925  0.296260  0.327469  0.195293  0.053039  \\\n",
       "AMRT.jk  0.125689  1.000000  0.049760  0.105021  0.057746  0.026862  0.029334   \n",
       "APIC.jk  0.107925  0.049760  1.000000  0.120054  0.113107  0.036668  0.080355   \n",
       "ITMG.jk  0.296260  0.105021  0.120054  1.000000  0.305183  0.222467  0.057194   \n",
       "MEDC.jk  0.327469  0.057746  0.113107  0.305183  1.000000  0.114502  0.071458   \n",
       "HEXA.jk  0.195293  0.026862  0.036668  0.222467  0.114502  1.000000  0.029978   \n",
       "MFIN.jk  0.053039  0.029334  0.080355  0.057194  0.071458  0.029978  1.000000   \n",
       "MPMX.jk  0.153281  0.024493  0.104107  0.120410  0.129078  0.105075  0.071356   \n",
       "BSSR.jk  0.075435 -0.003394  0.041060  0.179874  0.099788  0.065050  0.018220   \n",
       "BFIN.jk  0.118264  0.053279  0.046051  0.084456  0.169741  0.063218 -0.006794   \n",
       "UNTR.jk  0.311081  0.109877  0.127619  0.454844  0.268691  0.208785  0.083103   \n",
       "ARNA.jk  0.055999  0.028056  0.043562  0.025706  0.027935  0.030004 -0.009421   \n",
       "ADMF.jk  0.231140  0.088778  0.091859  0.263315  0.204785  0.190165  0.066038   \n",
       "MBAP.jk  0.154877  0.045154  0.057867  0.292512  0.134401  0.176090  0.045958   \n",
       "MTDL.jk  0.174304  0.036124  0.100834  0.180018  0.160883  0.132800  0.089830   \n",
       "ADRO.jk  0.364520  0.069203  0.127073  0.595518  0.371783  0.261192  0.056406   \n",
       "SRTG.jk  0.141684  0.091618  0.086174  0.158976  0.063461  0.116422  0.078600   \n",
       "INDF.jk  0.233990  0.115682  0.073876  0.147813  0.163688  0.153678  0.045026   \n",
       "BYAN.jk  0.001037 -0.006609  0.012525  0.073532 -0.012007 -0.000017 -0.001474   \n",
       "\n",
       "          MPMX.jk   BSSR.jk   BFIN.jk   UNTR.jk   ARNA.jk   ADMF.jk   MBAP.jk   \n",
       "INCO.jk  0.153281  0.075435  0.118264  0.311081  0.055999  0.231140  0.154877  \\\n",
       "AMRT.jk  0.024493 -0.003394  0.053279  0.109877  0.028056  0.088778  0.045154   \n",
       "APIC.jk  0.104107  0.041060  0.046051  0.127619  0.043562  0.091859  0.057867   \n",
       "ITMG.jk  0.120410  0.179874  0.084456  0.454844  0.025706  0.263315  0.292512   \n",
       "MEDC.jk  0.129078  0.099788  0.169741  0.268691  0.027935  0.204785  0.134401   \n",
       "HEXA.jk  0.105075  0.065050  0.063218  0.208785  0.030004  0.190165  0.176090   \n",
       "MFIN.jk  0.071356  0.018220 -0.006794  0.083103 -0.009421  0.066038  0.045958   \n",
       "MPMX.jk  1.000000  0.016052  0.148544  0.174257  0.046801  0.185328  0.075303   \n",
       "BSSR.jk  0.016052  1.000000  0.029168  0.106028  0.042766  0.095425  0.145719   \n",
       "BFIN.jk  0.148544  0.029168  1.000000  0.120957  0.093030  0.174694  0.035464   \n",
       "UNTR.jk  0.174257  0.106028  0.120957  1.000000  0.045513  0.210559  0.184192   \n",
       "ARNA.jk  0.046801  0.042766  0.093030  0.045513  1.000000  0.062777  0.048950   \n",
       "ADMF.jk  0.185328  0.095425  0.174694  0.210559  0.062777  1.000000  0.135480   \n",
       "MBAP.jk  0.075303  0.145719  0.035464  0.184192  0.048950  0.135480  1.000000   \n",
       "MTDL.jk  0.137193  0.018463  0.109451  0.194284  0.045414  0.184798  0.088086   \n",
       "ADRO.jk  0.162511  0.198251  0.131445  0.521103  0.035245  0.261149  0.264223   \n",
       "SRTG.jk  0.153104  0.073631  0.100162  0.146098  0.022049  0.085175  0.086953   \n",
